0001 HCNN 11 7521
0002 HCNN 14 7521
0003 HCNN 15 7521
0004 HCNN 16 7521
0005 HCNN 18 7521
0006 HCNN 22 7521
0007 HCNN 37 7521
0008 HCNN 54 7521
0009 HCNN 458 7521
0010 HCNN 1049 7521
0011 HCNN 1050 7521
0012 HCNN 1063 7521
0013 HCNN 1068 7521
0014 HCNN 1462 7521
0015 HCNN 1464 7521
0016 HCNN 1494 7521
0017 HCNN 1510 7521
0018 HCNN 40982 7521
0019 HCNN 40994 7521
0020 HCNN 11 5163
0021 HCNN 14 5163
0022 HCNN 15 5163
0023 HCNN 16 5163
0024 HCNN 18 5163
0025 HCNN 22 5163
0026 HCNN 37 5163
0027 HCNN 54 5163
0028 HCNN 458 5163
0029 HCNN 1049 5163
0030 HCNN 1050 5163
0031 HCNN 1063 5163
0032 HCNN 1068 5163
0033 HCNN 1462 5163
0034 HCNN 1464 5163
0035 HCNN 1494 5163
0036 HCNN 1510 5163
0037 HCNN 40982 5163
0038 HCNN 40994 5163
0039 HCNN 11 6576
0040 HCNN 14 6576
0041 HCNN 15 6576
0042 HCNN 16 6576
0043 HCNN 18 6576
0044 HCNN 22 6576
0045 HCNN 37 6576
0046 HCNN 54 6576
0047 HCNN 458 6576
0048 HCNN 1049 6576
0049 HCNN 1050 6576
0050 HCNN 1063 6576
0051 HCNN 1068 6576
0052 HCNN 1462 6576
0053 HCNN 1464 6576
0054 HCNN 1494 6576
0055 HCNN 1510 6576
0056 HCNN 40982 6576
0057 HCNN 40994 6576
0058 HCNN 11 9706
0059 HCNN 14 9706
0060 HCNN 15 9706
0061 HCNN 16 9706
0062 HCNN 18 9706
0063 HCNN 22 9706
0064 HCNN 37 9706
0065 HCNN 54 9706
0066 HCNN 458 9706
0067 HCNN 1049 9706
0068 HCNN 1050 9706
0069 HCNN 1063 9706
0070 HCNN 1068 9706
0071 HCNN 1462 9706
0072 HCNN 1464 9706
0073 HCNN 1494 9706
0074 HCNN 1510 9706
0075 HCNN 40982 9706
0076 HCNN 40994 9706
0077 HCNN 11 3679
0078 HCNN 14 3679
0079 HCNN 15 3679
0080 HCNN 16 3679
0081 HCNN 18 3679
0082 HCNN 22 3679
0083 HCNN 37 3679
0084 HCNN 54 3679
0085 HCNN 458 3679
0086 HCNN 1049 3679
0087 HCNN 1050 3679
0088 HCNN 1063 3679
0089 HCNN 1068 3679
0090 HCNN 1462 3679
0091 HCNN 1464 3679
0092 HCNN 1494 3679
0093 HCNN 1510 3679
0094 HCNN 40982 3679
0095 HCNN 40994 3679
0096 HCNN 11 5506
0097 HCNN 14 5506
0098 HCNN 15 5506
0099 HCNN 16 5506
0100 HCNN 18 5506
0101 HCNN 22 5506
0102 HCNN 37 5506
0103 HCNN 54 5506
0104 HCNN 458 5506
0105 HCNN 1049 5506
0106 HCNN 1050 5506
0107 HCNN 1063 5506
0108 HCNN 1068 5506
0109 HCNN 1462 5506
0110 HCNN 1464 5506
0111 HCNN 1494 5506
0112 HCNN 1510 5506
0113 HCNN 40982 5506
0114 HCNN 40994 5506
0115 HCNN 11 7570
0116 HCNN 14 7570
0117 HCNN 15 7570
0118 HCNN 16 7570
0119 HCNN 18 7570
0120 HCNN 22 7570
0121 HCNN 37 7570
0122 HCNN 54 7570
0123 HCNN 458 7570
0124 HCNN 1049 7570
0125 HCNN 1050 7570
0126 HCNN 1063 7570
0127 HCNN 1068 7570
0128 HCNN 1462 7570
0129 HCNN 1464 7570
0130 HCNN 1494 7570
0131 HCNN 1510 7570
0132 HCNN 40982 7570
0133 HCNN 40994 7570
0134 HCNN 11 6741
0135 HCNN 14 6741
0136 HCNN 15 6741
0137 HCNN 16 6741
0138 HCNN 18 6741
0139 HCNN 22 6741
0140 HCNN 37 6741
0141 HCNN 54 6741
0142 HCNN 458 6741
0143 HCNN 1049 6741
0144 HCNN 1050 6741
0145 HCNN 1063 6741
0146 HCNN 1068 6741
0147 HCNN 1462 6741
0148 HCNN 1464 6741
0149 HCNN 1494 6741
0150 HCNN 1510 6741
0151 HCNN 40982 6741
0152 HCNN 40994 6741
0153 HCNN 11 8895
0154 HCNN 14 8895
0155 HCNN 15 8895
0156 HCNN 16 8895
0157 HCNN 18 8895
0158 HCNN 22 8895
0159 HCNN 37 8895
0160 HCNN 54 8895
0161 HCNN 458 8895
0162 HCNN 1049 8895
0163 HCNN 1050 8895
0164 HCNN 1063 8895
0165 HCNN 1068 8895
0166 HCNN 1462 8895
0167 HCNN 1464 8895
0168 HCNN 1494 8895
0169 HCNN 1510 8895
0170 HCNN 40982 8895
0171 HCNN 40994 8895
0172 HCNN 11 9267
0173 HCNN 14 9267
0174 HCNN 15 9267
0175 HCNN 16 9267
0176 HCNN 18 9267
0177 HCNN 22 9267
0178 HCNN 37 9267
0179 HCNN 54 9267
0180 HCNN 458 9267
0181 HCNN 1049 9267
0182 HCNN 1050 9267
0183 HCNN 1063 9267
0184 HCNN 1068 9267
0185 HCNN 1462 9267
0186 HCNN 1464 9267
0187 HCNN 1494 9267
0188 HCNN 1510 9267
0189 HCNN 40982 9267
0190 HCNN 40994 9267
0191 HCNN 11 9435
0192 HCNN 14 9435
0193 HCNN 15 9435
0194 HCNN 16 9435
0195 HCNN 18 9435
0196 HCNN 22 9435
0197 HCNN 37 9435
0198 HCNN 54 9435
0199 HCNN 458 9435
0200 HCNN 1049 9435
0201 HCNN 1050 9435
0202 HCNN 1063 9435
0203 HCNN 1068 9435
0204 HCNN 1462 9435
0205 HCNN 1464 9435
0206 HCNN 1494 9435
0207 HCNN 1510 9435
0208 HCNN 40982 9435
0209 HCNN 40994 9435
0210 HCNN 11 280
0211 HCNN 14 280
0212 HCNN 15 280
0213 HCNN 16 280
0214 HCNN 18 280
0215 HCNN 22 280
0216 HCNN 37 280
0217 HCNN 54 280
0218 HCNN 458 280
0219 HCNN 1049 280
0220 HCNN 1050 280
0221 HCNN 1063 280
0222 HCNN 1068 280
0223 HCNN 1462 280
0224 HCNN 1464 280
0225 HCNN 1494 280
0226 HCNN 1510 280
0227 HCNN 40982 280
0228 HCNN 40994 280
0229 HCNN 11 7589
0230 HCNN 14 7589
0231 HCNN 15 7589
0232 HCNN 16 7589
0233 HCNN 18 7589
0234 HCNN 22 7589
0235 HCNN 37 7589
0236 HCNN 54 7589
0237 HCNN 458 7589
0238 HCNN 1049 7589
0239 HCNN 1050 7589
0240 HCNN 1063 7589
0241 HCNN 1068 7589
0242 HCNN 1462 7589
0243 HCNN 1464 7589
0244 HCNN 1494 7589
0245 HCNN 1510 7589
0246 HCNN 40982 7589
0247 HCNN 40994 7589
0248 HCNN 11 7108
0249 HCNN 14 7108
0250 HCNN 15 7108
0251 HCNN 16 7108
0252 HCNN 18 7108
0253 HCNN 22 7108
0254 HCNN 37 7108
0255 HCNN 54 7108
0256 HCNN 458 7108
0257 HCNN 1049 7108
0258 HCNN 1050 7108
0259 HCNN 1063 7108
0260 HCNN 1068 7108
0261 HCNN 1462 7108
0262 HCNN 1464 7108
0263 HCNN 1494 7108
0264 HCNN 1510 7108
0265 HCNN 40982 7108
0266 HCNN 40994 7108
0267 HCNN 11 9263
0268 HCNN 14 9263
0269 HCNN 15 9263
0270 HCNN 16 9263
0271 HCNN 18 9263
0272 HCNN 22 9263
0273 HCNN 37 9263
0274 HCNN 54 9263
0275 HCNN 458 9263
0276 HCNN 1049 9263
0277 HCNN 1050 9263
0278 HCNN 1063 9263
0279 HCNN 1068 9263
0280 HCNN 1462 9263
0281 HCNN 1464 9263
0282 HCNN 1494 9263
0283 HCNN 1510 9263
0284 HCNN 40982 9263
0285 HCNN 40994 9263
0286 HCNN 11 625
0287 HCNN 14 625
0288 HCNN 15 625
0289 HCNN 16 625
0290 HCNN 18 625
0291 HCNN 22 625
0292 HCNN 37 625
0293 HCNN 54 625
0294 HCNN 458 625
0295 HCNN 1049 625
0296 HCNN 1050 625
0297 HCNN 1063 625
0298 HCNN 1068 625
0299 HCNN 1462 625
0300 HCNN 1464 625
0301 HCNN 1494 625
0302 HCNN 1510 625
0303 HCNN 40982 625
0304 HCNN 40994 625
0305 HCNN 11 2144
0306 HCNN 14 2144
0307 HCNN 15 2144
0308 HCNN 16 2144
0309 HCNN 18 2144
0310 HCNN 22 2144
0311 HCNN 37 2144
0312 HCNN 54 2144
0313 HCNN 458 2144
0314 HCNN 1049 2144
0315 HCNN 1050 2144
0316 HCNN 1063 2144
0317 HCNN 1068 2144
0318 HCNN 1462 2144
0319 HCNN 1464 2144
0320 HCNN 1494 2144
0321 HCNN 1510 2144
0322 HCNN 40982 2144
0323 HCNN 40994 2144
0324 HCNN 11 7538
0325 HCNN 14 7538
0326 HCNN 15 7538
0327 HCNN 16 7538
0328 HCNN 18 7538
0329 HCNN 22 7538
0330 HCNN 37 7538
0331 HCNN 54 7538
0332 HCNN 458 7538
0333 HCNN 1049 7538
0334 HCNN 1050 7538
0335 HCNN 1063 7538
0336 HCNN 1068 7538
0337 HCNN 1462 7538
0338 HCNN 1464 7538
0339 HCNN 1494 7538
0340 HCNN 1510 7538
0341 HCNN 40982 7538
0342 HCNN 40994 7538
0343 HCNN 11 5054
0344 HCNN 14 5054
0345 HCNN 15 5054
0346 HCNN 16 5054
0347 HCNN 18 5054
0348 HCNN 22 5054
0349 HCNN 37 5054
0350 HCNN 54 5054
0351 HCNN 458 5054
0352 HCNN 1049 5054
0353 HCNN 1050 5054
0354 HCNN 1063 5054
0355 HCNN 1068 5054
0356 HCNN 1462 5054
0357 HCNN 1464 5054
0358 HCNN 1494 5054
0359 HCNN 1510 5054
0360 HCNN 40982 5054
0361 HCNN 40994 5054
0362 HCNN 11 3564
0363 HCNN 14 3564
0364 HCNN 15 3564
0365 HCNN 16 3564
0366 HCNN 18 3564
0367 HCNN 22 3564
0368 HCNN 37 3564
0369 HCNN 54 3564
0370 HCNN 458 3564
0371 HCNN 1049 3564
0372 HCNN 1050 3564
0373 HCNN 1063 3564
0374 HCNN 1068 3564
0375 HCNN 1462 3564
0376 HCNN 1464 3564
0377 HCNN 1494 3564
0378 HCNN 1510 3564
0379 HCNN 40982 3564
0380 HCNN 40994 3564
0381 HCNN 11 8209
0382 HCNN 14 8209
0383 HCNN 15 8209
0384 HCNN 16 8209
0385 HCNN 18 8209
0386 HCNN 22 8209
0387 HCNN 37 8209
0388 HCNN 54 8209
0389 HCNN 458 8209
0390 HCNN 1049 8209
0391 HCNN 1050 8209
0392 HCNN 1063 8209
0393 HCNN 1068 8209
0394 HCNN 1462 8209
0395 HCNN 1464 8209
0396 HCNN 1494 8209
0397 HCNN 1510 8209
0398 HCNN 40982 8209
0399 HCNN 40994 8209
0400 HCNN 11 1298
0401 HCNN 14 1298
0402 HCNN 15 1298
0403 HCNN 16 1298
0404 HCNN 18 1298
0405 HCNN 22 1298
0406 HCNN 37 1298
0407 HCNN 54 1298
0408 HCNN 458 1298
0409 HCNN 1049 1298
0410 HCNN 1050 1298
0411 HCNN 1063 1298
0412 HCNN 1068 1298
0413 HCNN 1462 1298
0414 HCNN 1464 1298
0415 HCNN 1494 1298
0416 HCNN 1510 1298
0417 HCNN 40982 1298
0418 HCNN 40994 1298
0419 HCNN 11 4302
0420 HCNN 14 4302
0421 HCNN 15 4302
0422 HCNN 16 4302
0423 HCNN 18 4302
0424 HCNN 22 4302
0425 HCNN 37 4302
0426 HCNN 54 4302
0427 HCNN 458 4302
0428 HCNN 1049 4302
0429 HCNN 1050 4302
0430 HCNN 1063 4302
0431 HCNN 1068 4302
0432 HCNN 1462 4302
0433 HCNN 1464 4302
0434 HCNN 1494 4302
0435 HCNN 1510 4302
0436 HCNN 40982 4302
0437 HCNN 40994 4302
0438 HCNN 11 8125
0439 HCNN 14 8125
0440 HCNN 15 8125
0441 HCNN 16 8125
0442 HCNN 18 8125
0443 HCNN 22 8125
0444 HCNN 37 8125
0445 HCNN 54 8125
0446 HCNN 458 8125
0447 HCNN 1049 8125
0448 HCNN 1050 8125
0449 HCNN 1063 8125
0450 HCNN 1068 8125
0451 HCNN 1462 8125
0452 HCNN 1464 8125
0453 HCNN 1494 8125
0454 HCNN 1510 8125
0455 HCNN 40982 8125
0456 HCNN 40994 8125
0457 HCNN 11 1280
0458 HCNN 14 1280
0459 HCNN 15 1280
0460 HCNN 16 1280
0461 HCNN 18 1280
0462 HCNN 22 1280
0463 HCNN 37 1280
0464 HCNN 54 1280
0465 HCNN 458 1280
0466 HCNN 1049 1280
0467 HCNN 1050 1280
0468 HCNN 1063 1280
0469 HCNN 1068 1280
0470 HCNN 1462 1280
0471 HCNN 1464 1280
0472 HCNN 1494 1280
0473 HCNN 1510 1280
0474 HCNN 40982 1280
0475 HCNN 40994 1280
0476 HCNN 11 4358
0477 HCNN 14 4358
0478 HCNN 15 4358
0479 HCNN 16 4358
0480 HCNN 18 4358
0481 HCNN 22 4358
0482 HCNN 37 4358
0483 HCNN 54 4358
0484 HCNN 458 4358
0485 HCNN 1049 4358
0486 HCNN 1050 4358
0487 HCNN 1063 4358
0488 HCNN 1068 4358
0489 HCNN 1462 4358
0490 HCNN 1464 4358
0491 HCNN 1494 4358
0492 HCNN 1510 4358
0493 HCNN 40982 4358
0494 HCNN 40994 4358
0495 HCNN 11 8082
0496 HCNN 14 8082
0497 HCNN 15 8082
0498 HCNN 16 8082
0499 HCNN 18 8082
0500 HCNN 22 8082
0501 HCNN 37 8082
0502 HCNN 54 8082
0503 HCNN 458 8082
0504 HCNN 1049 8082
0505 HCNN 1050 8082
0506 HCNN 1063 8082
0507 HCNN 1068 8082
0508 HCNN 1462 8082
0509 HCNN 1464 8082
0510 HCNN 1494 8082
0511 HCNN 1510 8082
0512 HCNN 40982 8082
0513 HCNN 40994 8082
0514 HCNN 11 408
0515 HCNN 14 408
0516 HCNN 15 408
0517 HCNN 16 408
0518 HCNN 18 408
0519 HCNN 22 408
0520 HCNN 37 408
0521 HCNN 54 408
0522 HCNN 458 408
0523 HCNN 1049 408
0524 HCNN 1050 408
0525 HCNN 1063 408
0526 HCNN 1068 408
0527 HCNN 1462 408
0528 HCNN 1464 408
0529 HCNN 1494 408
0530 HCNN 1510 408
0531 HCNN 40982 408
0532 HCNN 40994 408
0533 HCNN 11 8286
0534 HCNN 14 8286
0535 HCNN 15 8286
0536 HCNN 16 8286
0537 HCNN 18 8286
0538 HCNN 22 8286
0539 HCNN 37 8286
0540 HCNN 54 8286
0541 HCNN 458 8286
0542 HCNN 1049 8286
0543 HCNN 1050 8286
0544 HCNN 1063 8286
0545 HCNN 1068 8286
0546 HCNN 1462 8286
0547 HCNN 1464 8286
0548 HCNN 1494 8286
0549 HCNN 1510 8286
0550 HCNN 40982 8286
0551 HCNN 40994 8286
0552 HCNN 11 8349
0553 HCNN 14 8349
0554 HCNN 15 8349
0555 HCNN 16 8349
0556 HCNN 18 8349
0557 HCNN 22 8349
0558 HCNN 37 8349
0559 HCNN 54 8349
0560 HCNN 458 8349
0561 HCNN 1049 8349
0562 HCNN 1050 8349
0563 HCNN 1063 8349
0564 HCNN 1068 8349
0565 HCNN 1462 8349
0566 HCNN 1464 8349
0567 HCNN 1494 8349
0568 HCNN 1510 8349
0569 HCNN 40982 8349
0570 HCNN 40994 8349
