0001 TabNet 11 8279
0002 TabNet 11 9433
0003 TabNet 14 67822
0004 TabNet 14 12555
0005 TabNet 14 8279
0006 TabNet 14 190
0007 TabNet 14 9433
0008 TabNet 15 67822
0009 TabNet 15 8279
0010 TabNet 15 190
0011 TabNet 15 9433
0012 TabNet 16 67822
0013 TabNet 16 9822127
0014 TabNet 16 190
0015 TabNet 16 9433
0016 TabNet 18 67822
0017 TabNet 18 8279
0018 TabNet 18 190
0019 TabNet 18 9433
0020 TabNet 22 67822
0021 TabNet 22 8279
0022 TabNet 22 190
0023 TabNet 22 9433
0024 TabNet 37 67822
0025 TabNet 37 8279
0026 TabNet 37 190
0027 TabNet 37 9433
0028 TabNet 54 67822
0029 TabNet 54 22443
0030 TabNet 54 190
0031 TabNet 54 9433
0032 TabNet 458 67822
0033 TabNet 458 190
0034 TabNet 458 9433
0035 TabNet 1049 67822
0036 TabNet 1049 22443
0037 TabNet 1049 190
0038 TabNet 1049 9433
0039 TabNet 1063 67822
0040 TabNet 1063 22443
0041 TabNet 1063 8279
0042 TabNet 1063 9433
0043 TabNet 1068 22443
0044 TabNet 1068 8279
0045 TabNet 1068 190
0046 TabNet 1068 9433
0047 TabNet 1462 67822
0048 TabNet 1462 8279
0049 TabNet 1462 190
0050 TabNet 1462 9433
0051 TabNet 1464 67822
0052 TabNet 1464 8279
0053 TabNet 1464 190
0054 TabNet 1494 22443
0055 TabNet 1494 8279
0056 TabNet 1494 190
0057 TabNet 1494 9433
0058 TabNet 1510 8279
0059 TabNet 1510 190
0060 TabNet 1510 9433
0061 TabNet 40982 67822
0062 TabNet 40982 22443
0063 TabNet 40982 8279
0064 TabNet 40982 190
0065 TabNet 40982 9433
0066 TabNet 40994 67822
0067 TabNet 40994 8279
0068 TabNet 40994 190
0069 TabNet 40994 9433
