0001 HCNN 1049 82
0002 RandomForest 1049 82
0003 XGBoost 1049 82
0004 CatBoost 1049 82
0005 LightGBM 1049 82
0006 TabularTransformer 1049 82
0007 TabNet 1049 82
0008 HCNN 1050 82
0009 RandomForest 1050 82
0010 XGBoost 1050 82
0011 CatBoost 1050 82
0012 LightGBM 1050 82
0013 TabularTransformer 1050 82
0014 TabNet 1050 82
0015 HCNN 1063 82
0016 RandomForest 1063 82
0017 XGBoost 1063 82
0018 CatBoost 1063 82
0019 LightGBM 1063 82
0020 TabularTransformer 1063 82
0021 TabNet 1063 82
0022 HCNN 1068 82
0023 RandomForest 1068 82
0024 XGBoost 1068 82
0025 CatBoost 1068 82
0026 LightGBM 1068 82
0027 TabularTransformer 1068 82
0028 TabNet 1068 82
0029 HCNN 1462 82
0030 RandomForest 1462 82
0031 XGBoost 1462 82
0032 CatBoost 1462 82
0033 LightGBM 1462 82
0034 TabularTransformer 1462 82
0035 TabNet 1462 82
0036 HCNN 1464 82
0037 RandomForest 1464 82
0038 XGBoost 1464 82
0039 CatBoost 1464 82
0040 LightGBM 1464 82
0041 TabularTransformer 1464 82
0042 TabNet 1464 82
0043 HCNN 1494 82
0044 RandomForest 1494 82
0045 XGBoost 1494 82
0046 CatBoost 1494 82
0047 LightGBM 1494 82
0048 TabularTransformer 1494 82
0049 TabNet 1494 82
0050 HCNN 1510 82
0051 RandomForest 1510 82
0052 XGBoost 1510 82
0053 CatBoost 1510 82
0054 LightGBM 1510 82
0055 TabularTransformer 1510 82
0056 TabNet 1510 82
0057 HCNN 40982 82
0058 RandomForest 40982 82
0059 XGBoost 40982 82
0060 CatBoost 40982 82
0061 LightGBM 40982 82
0062 TabularTransformer 40982 82
0063 TabNet 40982 82
0064 HCNN 40994 82
0065 RandomForest 40994 82
0066 XGBoost 40994 82
0067 CatBoost 40994 82
0068 LightGBM 40994 82
0069 TabularTransformer 40994 82
0070 TabNet 40994 82
0071 HCNN 1049 74
0072 RandomForest 1049 74
0073 XGBoost 1049 74
0074 CatBoost 1049 74
0075 LightGBM 1049 74
0076 TabularTransformer 1049 74
0077 TabNet 1049 74
0078 HCNN 1050 74
0079 RandomForest 1050 74
0080 XGBoost 1050 74
0081 CatBoost 1050 74
0082 LightGBM 1050 74
0083 TabularTransformer 1050 74
0084 TabNet 1050 74
0085 HCNN 1063 74
0086 RandomForest 1063 74
0087 XGBoost 1063 74
0088 CatBoost 1063 74
0089 LightGBM 1063 74
0090 TabularTransformer 1063 74
0091 TabNet 1063 74
0092 HCNN 1068 74
0093 RandomForest 1068 74
0094 XGBoost 1068 74
0095 CatBoost 1068 74
0096 LightGBM 1068 74
0097 TabularTransformer 1068 74
0098 TabNet 1068 74
0099 HCNN 1462 74
0100 RandomForest 1462 74
0101 XGBoost 1462 74
0102 CatBoost 1462 74
0103 LightGBM 1462 74
0104 TabularTransformer 1462 74
0105 TabNet 1462 74
0106 HCNN 1464 74
0107 RandomForest 1464 74
0108 XGBoost 1464 74
0109 CatBoost 1464 74
0110 LightGBM 1464 74
0111 TabularTransformer 1464 74
0112 TabNet 1464 74
0113 HCNN 1494 74
0114 RandomForest 1494 74
0115 XGBoost 1494 74
0116 CatBoost 1494 74
0117 LightGBM 1494 74
0118 TabularTransformer 1494 74
0119 TabNet 1494 74
0120 HCNN 1510 74
0121 RandomForest 1510 74
0122 XGBoost 1510 74
0123 CatBoost 1510 74
0124 LightGBM 1510 74
0125 TabularTransformer 1510 74
0126 TabNet 1510 74
0127 HCNN 40982 74
0128 RandomForest 40982 74
0129 XGBoost 40982 74
0130 CatBoost 40982 74
0131 LightGBM 40982 74
0132 TabularTransformer 40982 74
0133 TabNet 40982 74
0134 HCNN 40994 74
0135 RandomForest 40994 74
0136 XGBoost 40994 74
0137 CatBoost 40994 74
0138 LightGBM 40994 74
0139 TabularTransformer 40994 74
0140 TabNet 40994 74
0141 HCNN 1049 21
0142 RandomForest 1049 21
0143 XGBoost 1049 21
0144 CatBoost 1049 21
0145 LightGBM 1049 21
0146 TabularTransformer 1049 21
0147 TabNet 1049 21
0148 HCNN 1050 21
0149 RandomForest 1050 21
0150 XGBoost 1050 21
0151 CatBoost 1050 21
0152 LightGBM 1050 21
0153 TabularTransformer 1050 21
0154 TabNet 1050 21
0155 HCNN 1063 21
0156 RandomForest 1063 21
0157 XGBoost 1063 21
0158 CatBoost 1063 21
0159 LightGBM 1063 21
0160 TabularTransformer 1063 21
0161 TabNet 1063 21
0162 HCNN 1068 21
0163 RandomForest 1068 21
0164 XGBoost 1068 21
0165 CatBoost 1068 21
0166 LightGBM 1068 21
0167 TabularTransformer 1068 21
0168 TabNet 1068 21
0169 HCNN 1462 21
0170 RandomForest 1462 21
0171 XGBoost 1462 21
0172 CatBoost 1462 21
0173 LightGBM 1462 21
0174 TabularTransformer 1462 21
0175 TabNet 1462 21
0176 HCNN 1464 21
0177 RandomForest 1464 21
0178 XGBoost 1464 21
0179 CatBoost 1464 21
0180 LightGBM 1464 21
0181 TabularTransformer 1464 21
0182 TabNet 1464 21
0183 HCNN 1494 21
0184 RandomForest 1494 21
0185 XGBoost 1494 21
0186 CatBoost 1494 21
0187 LightGBM 1494 21
0188 TabularTransformer 1494 21
0189 TabNet 1494 21
0190 HCNN 1510 21
0191 RandomForest 1510 21
0192 XGBoost 1510 21
0193 CatBoost 1510 21
0194 LightGBM 1510 21
0195 TabularTransformer 1510 21
0196 TabNet 1510 21
0197 HCNN 40982 21
0198 RandomForest 40982 21
0199 XGBoost 40982 21
0200 CatBoost 40982 21
0201 LightGBM 40982 21
0202 TabularTransformer 40982 21
0203 TabNet 40982 21
0204 HCNN 40994 21
0205 RandomForest 40994 21
0206 XGBoost 40994 21
0207 CatBoost 40994 21
0208 LightGBM 40994 21
0209 TabularTransformer 40994 21
0210 TabNet 40994 21
0211 HCNN 1049 12
0212 RandomForest 1049 12
0213 XGBoost 1049 12
0214 CatBoost 1049 12
0215 LightGBM 1049 12
0216 TabularTransformer 1049 12
0217 TabNet 1049 12
0218 HCNN 1050 12
0219 RandomForest 1050 12
0220 XGBoost 1050 12
0221 CatBoost 1050 12
0222 LightGBM 1050 12
0223 TabularTransformer 1050 12
0224 TabNet 1050 12
0225 HCNN 1063 12
0226 RandomForest 1063 12
0227 XGBoost 1063 12
0228 CatBoost 1063 12
0229 LightGBM 1063 12
0230 TabularTransformer 1063 12
0231 TabNet 1063 12
0232 HCNN 1068 12
0233 RandomForest 1068 12
0234 XGBoost 1068 12
0235 CatBoost 1068 12
0236 LightGBM 1068 12
0237 TabularTransformer 1068 12
0238 TabNet 1068 12
0239 HCNN 1462 12
0240 RandomForest 1462 12
0241 XGBoost 1462 12
0242 CatBoost 1462 12
0243 LightGBM 1462 12
0244 TabularTransformer 1462 12
0245 TabNet 1462 12
0246 HCNN 1464 12
0247 RandomForest 1464 12
0248 XGBoost 1464 12
0249 CatBoost 1464 12
0250 LightGBM 1464 12
0251 TabularTransformer 1464 12
0252 TabNet 1464 12
0253 HCNN 1494 12
0254 RandomForest 1494 12
0255 XGBoost 1494 12
0256 CatBoost 1494 12
0257 LightGBM 1494 12
0258 TabularTransformer 1494 12
0259 TabNet 1494 12
0260 HCNN 1510 12
0261 RandomForest 1510 12
0262 XGBoost 1510 12
0263 CatBoost 1510 12
0264 LightGBM 1510 12
0265 TabularTransformer 1510 12
0266 TabNet 1510 12
0267 HCNN 40982 12
0268 RandomForest 40982 12
0269 XGBoost 40982 12
0270 CatBoost 40982 12
0271 LightGBM 40982 12
0272 TabularTransformer 40982 12
0273 TabNet 40982 12
0274 HCNN 40994 12
0275 RandomForest 40994 12
0276 XGBoost 40994 12
0277 CatBoost 40994 12
0278 LightGBM 40994 12
0279 TabularTransformer 40994 12
0280 TabNet 40994 12
0281 HCNN 1049 1
0282 RandomForest 1049 1
0283 XGBoost 1049 1
0284 CatBoost 1049 1
0285 LightGBM 1049 1
0286 TabularTransformer 1049 1
0287 TabNet 1049 1
0288 HCNN 1050 1
0289 RandomForest 1050 1
0290 XGBoost 1050 1
0291 CatBoost 1050 1
0292 LightGBM 1050 1
0293 TabularTransformer 1050 1
0294 TabNet 1050 1
0295 HCNN 1063 1
0296 RandomForest 1063 1
0297 XGBoost 1063 1
0298 CatBoost 1063 1
0299 LightGBM 1063 1
0300 TabularTransformer 1063 1
0301 TabNet 1063 1
0302 HCNN 1068 1
0303 RandomForest 1068 1
0304 XGBoost 1068 1
0305 CatBoost 1068 1
0306 LightGBM 1068 1
0307 TabularTransformer 1068 1
0308 TabNet 1068 1
0309 HCNN 1462 1
0310 RandomForest 1462 1
0311 XGBoost 1462 1
0312 CatBoost 1462 1
0313 LightGBM 1462 1
0314 TabularTransformer 1462 1
0315 TabNet 1462 1
0316 HCNN 1464 1
0317 RandomForest 1464 1
0318 XGBoost 1464 1
0319 CatBoost 1464 1
0320 LightGBM 1464 1
0321 TabularTransformer 1464 1
0322 TabNet 1464 1
0323 HCNN 1494 1
0324 RandomForest 1494 1
0325 XGBoost 1494 1
0326 CatBoost 1494 1
0327 LightGBM 1494 1
0328 TabularTransformer 1494 1
0329 TabNet 1494 1
0330 HCNN 1510 1
0331 RandomForest 1510 1
0332 XGBoost 1510 1
0333 CatBoost 1510 1
0334 LightGBM 1510 1
0335 TabularTransformer 1510 1
0336 TabNet 1510 1
0337 HCNN 40982 1
0338 RandomForest 40982 1
0339 XGBoost 40982 1
0340 CatBoost 40982 1
0341 LightGBM 40982 1
0342 TabularTransformer 40982 1
0343 TabNet 40982 1
0344 HCNN 40994 1
0345 RandomForest 40994 1
0346 XGBoost 40994 1
0347 CatBoost 40994 1
0348 LightGBM 40994 1
0349 TabularTransformer 40994 1
0350 TabNet 40994 1
0351 HCNN 1049 24
0352 RandomForest 1049 24
0353 XGBoost 1049 24
0354 CatBoost 1049 24
0355 LightGBM 1049 24
0356 TabularTransformer 1049 24
0357 TabNet 1049 24
0358 HCNN 1050 24
0359 RandomForest 1050 24
0360 XGBoost 1050 24
0361 CatBoost 1050 24
0362 LightGBM 1050 24
0363 TabularTransformer 1050 24
0364 TabNet 1050 24
0365 HCNN 1063 24
0366 RandomForest 1063 24
0367 XGBoost 1063 24
0368 CatBoost 1063 24
0369 LightGBM 1063 24
0370 TabularTransformer 1063 24
0371 TabNet 1063 24
0372 HCNN 1068 24
0373 RandomForest 1068 24
0374 XGBoost 1068 24
0375 CatBoost 1068 24
0376 LightGBM 1068 24
0377 TabularTransformer 1068 24
0378 TabNet 1068 24
0379 HCNN 1462 24
0380 RandomForest 1462 24
0381 XGBoost 1462 24
0382 CatBoost 1462 24
0383 LightGBM 1462 24
0384 TabularTransformer 1462 24
0385 TabNet 1462 24
0386 HCNN 1464 24
0387 RandomForest 1464 24
0388 XGBoost 1464 24
0389 CatBoost 1464 24
0390 LightGBM 1464 24
0391 TabularTransformer 1464 24
0392 TabNet 1464 24
0393 HCNN 1494 24
0394 RandomForest 1494 24
0395 XGBoost 1494 24
0396 CatBoost 1494 24
0397 LightGBM 1494 24
0398 TabularTransformer 1494 24
0399 TabNet 1494 24
0400 HCNN 1510 24
0401 RandomForest 1510 24
0402 XGBoost 1510 24
0403 CatBoost 1510 24
0404 LightGBM 1510 24
0405 TabularTransformer 1510 24
0406 TabNet 1510 24
0407 HCNN 40982 24
0408 RandomForest 40982 24
0409 XGBoost 40982 24
0410 CatBoost 40982 24
0411 LightGBM 40982 24
0412 TabularTransformer 40982 24
0413 TabNet 40982 24
0414 HCNN 40994 24
0415 RandomForest 40994 24
0416 XGBoost 40994 24
0417 CatBoost 40994 24
0418 LightGBM 40994 24
0419 TabularTransformer 40994 24
0420 TabNet 40994 24
0421 HCNN 1049 84
0422 RandomForest 1049 84
0423 XGBoost 1049 84
0424 CatBoost 1049 84
0425 LightGBM 1049 84
0426 TabularTransformer 1049 84
0427 TabNet 1049 84
0428 HCNN 1050 84
0429 RandomForest 1050 84
0430 XGBoost 1050 84
0431 CatBoost 1050 84
0432 LightGBM 1050 84
0433 TabularTransformer 1050 84
0434 TabNet 1050 84
0435 HCNN 1063 84
0436 RandomForest 1063 84
0437 XGBoost 1063 84
0438 CatBoost 1063 84
0439 LightGBM 1063 84
0440 TabularTransformer 1063 84
0441 TabNet 1063 84
0442 HCNN 1068 84
0443 RandomForest 1068 84
0444 XGBoost 1068 84
0445 CatBoost 1068 84
0446 LightGBM 1068 84
0447 TabularTransformer 1068 84
0448 TabNet 1068 84
0449 HCNN 1462 84
0450 RandomForest 1462 84
0451 XGBoost 1462 84
0452 CatBoost 1462 84
0453 LightGBM 1462 84
0454 TabularTransformer 1462 84
0455 TabNet 1462 84
0456 HCNN 1464 84
0457 RandomForest 1464 84
0458 XGBoost 1464 84
0459 CatBoost 1464 84
0460 LightGBM 1464 84
0461 TabularTransformer 1464 84
0462 TabNet 1464 84
0463 HCNN 1494 84
0464 RandomForest 1494 84
0465 XGBoost 1494 84
0466 CatBoost 1494 84
0467 LightGBM 1494 84
0468 TabularTransformer 1494 84
0469 TabNet 1494 84
0470 HCNN 1510 84
0471 RandomForest 1510 84
0472 XGBoost 1510 84
0473 CatBoost 1510 84
0474 LightGBM 1510 84
0475 TabularTransformer 1510 84
0476 TabNet 1510 84
0477 HCNN 40982 84
0478 RandomForest 40982 84
0479 XGBoost 40982 84
0480 CatBoost 40982 84
0481 LightGBM 40982 84
0482 TabularTransformer 40982 84
0483 TabNet 40982 84
0484 HCNN 40994 84
0485 RandomForest 40994 84
0486 XGBoost 40994 84
0487 CatBoost 40994 84
0488 LightGBM 40994 84
0489 TabularTransformer 40994 84
0490 TabNet 40994 84
0491 HCNN 1049 78
0492 RandomForest 1049 78
0493 XGBoost 1049 78
0494 CatBoost 1049 78
0495 LightGBM 1049 78
0496 TabularTransformer 1049 78
0497 TabNet 1049 78
0498 HCNN 1050 78
0499 RandomForest 1050 78
0500 XGBoost 1050 78
0501 CatBoost 1050 78
0502 LightGBM 1050 78
0503 TabularTransformer 1050 78
0504 TabNet 1050 78
0505 HCNN 1063 78
0506 RandomForest 1063 78
0507 XGBoost 1063 78
0508 CatBoost 1063 78
0509 LightGBM 1063 78
0510 TabularTransformer 1063 78
0511 TabNet 1063 78
0512 HCNN 1068 78
0513 RandomForest 1068 78
0514 XGBoost 1068 78
0515 CatBoost 1068 78
0516 LightGBM 1068 78
0517 TabularTransformer 1068 78
0518 TabNet 1068 78
0519 HCNN 1462 78
0520 RandomForest 1462 78
0521 XGBoost 1462 78
0522 CatBoost 1462 78
0523 LightGBM 1462 78
0524 TabularTransformer 1462 78
0525 TabNet 1462 78
0526 HCNN 1464 78
0527 RandomForest 1464 78
0528 XGBoost 1464 78
0529 CatBoost 1464 78
0530 LightGBM 1464 78
0531 TabularTransformer 1464 78
0532 TabNet 1464 78
0533 HCNN 1494 78
0534 RandomForest 1494 78
0535 XGBoost 1494 78
0536 CatBoost 1494 78
0537 LightGBM 1494 78
0538 TabularTransformer 1494 78
0539 TabNet 1494 78
0540 HCNN 1510 78
0541 RandomForest 1510 78
0542 XGBoost 1510 78
0543 CatBoost 1510 78
0544 LightGBM 1510 78
0545 TabularTransformer 1510 78
0546 TabNet 1510 78
0547 HCNN 40982 78
0548 RandomForest 40982 78
0549 XGBoost 40982 78
0550 CatBoost 40982 78
0551 LightGBM 40982 78
0552 TabularTransformer 40982 78
0553 TabNet 40982 78
0554 HCNN 40994 78
0555 RandomForest 40994 78
0556 XGBoost 40994 78
0557 CatBoost 40994 78
0558 LightGBM 40994 78
0559 TabularTransformer 40994 78
0560 TabNet 40994 78
0561 HCNN 1049 52
0562 RandomForest 1049 52
0563 XGBoost 1049 52
0564 CatBoost 1049 52
0565 LightGBM 1049 52
0566 TabularTransformer 1049 52
0567 TabNet 1049 52
0568 HCNN 1050 52
0569 RandomForest 1050 52
0570 XGBoost 1050 52
0571 CatBoost 1050 52
0572 LightGBM 1050 52
0573 TabularTransformer 1050 52
0574 TabNet 1050 52
0575 HCNN 1063 52
0576 RandomForest 1063 52
0577 XGBoost 1063 52
0578 CatBoost 1063 52
0579 LightGBM 1063 52
0580 TabularTransformer 1063 52
0581 TabNet 1063 52
0582 HCNN 1068 52
0583 RandomForest 1068 52
0584 XGBoost 1068 52
0585 CatBoost 1068 52
0586 LightGBM 1068 52
0587 TabularTransformer 1068 52
0588 TabNet 1068 52
0589 HCNN 1462 52
0590 RandomForest 1462 52
0591 XGBoost 1462 52
0592 CatBoost 1462 52
0593 LightGBM 1462 52
0594 TabularTransformer 1462 52
0595 TabNet 1462 52
0596 HCNN 1464 52
0597 RandomForest 1464 52
0598 XGBoost 1464 52
0599 CatBoost 1464 52
0600 LightGBM 1464 52
0601 TabularTransformer 1464 52
0602 TabNet 1464 52
0603 HCNN 1494 52
0604 RandomForest 1494 52
0605 XGBoost 1494 52
0606 CatBoost 1494 52
0607 LightGBM 1494 52
0608 TabularTransformer 1494 52
0609 TabNet 1494 52
0610 HCNN 1510 52
0611 RandomForest 1510 52
0612 XGBoost 1510 52
0613 CatBoost 1510 52
0614 LightGBM 1510 52
0615 TabularTransformer 1510 52
0616 TabNet 1510 52
0617 HCNN 40982 52
0618 RandomForest 40982 52
0619 XGBoost 40982 52
0620 CatBoost 40982 52
0621 LightGBM 40982 52
0622 TabularTransformer 40982 52
0623 TabNet 40982 52
0624 HCNN 40994 52
0625 RandomForest 40994 52
0626 XGBoost 40994 52
0627 CatBoost 40994 52
0628 LightGBM 40994 52
0629 TabularTransformer 40994 52
0630 TabNet 40994 52
0631 HCNN 1049 61
0632 RandomForest 1049 61
0633 XGBoost 1049 61
0634 CatBoost 1049 61
0635 LightGBM 1049 61
0636 TabularTransformer 1049 61
0637 TabNet 1049 61
0638 HCNN 1050 61
0639 RandomForest 1050 61
0640 XGBoost 1050 61
0641 CatBoost 1050 61
0642 LightGBM 1050 61
0643 TabularTransformer 1050 61
0644 TabNet 1050 61
0645 HCNN 1063 61
0646 RandomForest 1063 61
0647 XGBoost 1063 61
0648 CatBoost 1063 61
0649 LightGBM 1063 61
0650 TabularTransformer 1063 61
0651 TabNet 1063 61
0652 HCNN 1068 61
0653 RandomForest 1068 61
0654 XGBoost 1068 61
0655 CatBoost 1068 61
0656 LightGBM 1068 61
0657 TabularTransformer 1068 61
0658 TabNet 1068 61
0659 HCNN 1462 61
0660 RandomForest 1462 61
0661 XGBoost 1462 61
0662 CatBoost 1462 61
0663 LightGBM 1462 61
0664 TabularTransformer 1462 61
0665 TabNet 1462 61
0666 HCNN 1464 61
0667 RandomForest 1464 61
0668 XGBoost 1464 61
0669 CatBoost 1464 61
0670 LightGBM 1464 61
0671 TabularTransformer 1464 61
0672 TabNet 1464 61
0673 HCNN 1494 61
0674 RandomForest 1494 61
0675 XGBoost 1494 61
0676 CatBoost 1494 61
0677 LightGBM 1494 61
0678 TabularTransformer 1494 61
0679 TabNet 1494 61
0680 HCNN 1510 61
0681 RandomForest 1510 61
0682 XGBoost 1510 61
0683 CatBoost 1510 61
0684 LightGBM 1510 61
0685 TabularTransformer 1510 61
0686 TabNet 1510 61
0687 HCNN 40982 61
0688 RandomForest 40982 61
0689 XGBoost 40982 61
0690 CatBoost 40982 61
0691 LightGBM 40982 61
0692 TabularTransformer 40982 61
0693 TabNet 40982 61
0694 HCNN 40994 61
0695 RandomForest 40994 61
0696 XGBoost 40994 61
0697 CatBoost 40994 61
0698 LightGBM 40994 61
0699 TabularTransformer 40994 61
0700 TabNet 40994 61
0701 HCNN 1049 555
0702 RandomForest 1049 555
0703 XGBoost 1049 555
0704 CatBoost 1049 555
0705 LightGBM 1049 555
0706 TabularTransformer 1049 555
0707 TabNet 1049 555
0708 HCNN 1050 555
0709 RandomForest 1050 555
0710 XGBoost 1050 555
0711 CatBoost 1050 555
0712 LightGBM 1050 555
0713 TabularTransformer 1050 555
0714 TabNet 1050 555
0715 HCNN 1063 555
0716 RandomForest 1063 555
0717 XGBoost 1063 555
0718 CatBoost 1063 555
0719 LightGBM 1063 555
0720 TabularTransformer 1063 555
0721 TabNet 1063 555
0722 HCNN 1068 555
0723 RandomForest 1068 555
0724 XGBoost 1068 555
0725 CatBoost 1068 555
0726 LightGBM 1068 555
0727 TabularTransformer 1068 555
0728 TabNet 1068 555
0729 HCNN 1462 555
0730 RandomForest 1462 555
0731 XGBoost 1462 555
0732 CatBoost 1462 555
0733 LightGBM 1462 555
0734 TabularTransformer 1462 555
0735 TabNet 1462 555
0736 HCNN 1464 555
0737 RandomForest 1464 555
0738 XGBoost 1464 555
0739 CatBoost 1464 555
0740 LightGBM 1464 555
0741 TabularTransformer 1464 555
0742 TabNet 1464 555
0743 HCNN 1494 555
0744 RandomForest 1494 555
0745 XGBoost 1494 555
0746 CatBoost 1494 555
0747 LightGBM 1494 555
0748 TabularTransformer 1494 555
0749 TabNet 1494 555
0750 HCNN 1510 555
0751 RandomForest 1510 555
0752 XGBoost 1510 555
0753 CatBoost 1510 555
0754 LightGBM 1510 555
0755 TabularTransformer 1510 555
0756 TabNet 1510 555
0757 HCNN 40982 555
0758 RandomForest 40982 555
0759 XGBoost 40982 555
0760 CatBoost 40982 555
0761 LightGBM 40982 555
0762 TabularTransformer 40982 555
0763 TabNet 40982 555
0764 HCNN 40994 555
0765 RandomForest 40994 555
0766 XGBoost 40994 555
0767 CatBoost 40994 555
0768 LightGBM 40994 555
0769 TabularTransformer 40994 555
0770 TabNet 40994 555
0771 HCNN 1049 125
0772 RandomForest 1049 125
0773 XGBoost 1049 125
0774 CatBoost 1049 125
0775 LightGBM 1049 125
0776 TabularTransformer 1049 125
0777 TabNet 1049 125
0778 HCNN 1050 125
0779 RandomForest 1050 125
0780 XGBoost 1050 125
0781 CatBoost 1050 125
0782 LightGBM 1050 125
0783 TabularTransformer 1050 125
0784 TabNet 1050 125
0785 HCNN 1063 125
0786 RandomForest 1063 125
0787 XGBoost 1063 125
0788 CatBoost 1063 125
0789 LightGBM 1063 125
0790 TabularTransformer 1063 125
0791 TabNet 1063 125
0792 HCNN 1068 125
0793 RandomForest 1068 125
0794 XGBoost 1068 125
0795 CatBoost 1068 125
0796 LightGBM 1068 125
0797 TabularTransformer 1068 125
0798 TabNet 1068 125
0799 HCNN 1462 125
0800 RandomForest 1462 125
0801 XGBoost 1462 125
0802 CatBoost 1462 125
0803 LightGBM 1462 125
0804 TabularTransformer 1462 125
0805 TabNet 1462 125
0806 HCNN 1464 125
0807 RandomForest 1464 125
0808 XGBoost 1464 125
0809 CatBoost 1464 125
0810 LightGBM 1464 125
0811 TabularTransformer 1464 125
0812 TabNet 1464 125
0813 HCNN 1494 125
0814 RandomForest 1494 125
0815 XGBoost 1494 125
0816 CatBoost 1494 125
0817 LightGBM 1494 125
0818 TabularTransformer 1494 125
0819 TabNet 1494 125
0820 HCNN 1510 125
0821 RandomForest 1510 125
0822 XGBoost 1510 125
0823 CatBoost 1510 125
0824 LightGBM 1510 125
0825 TabularTransformer 1510 125
0826 TabNet 1510 125
0827 HCNN 40982 125
0828 RandomForest 40982 125
0829 XGBoost 40982 125
0830 CatBoost 40982 125
0831 LightGBM 40982 125
0832 TabularTransformer 40982 125
0833 TabNet 40982 125
0834 HCNN 40994 125
0835 RandomForest 40994 125
0836 XGBoost 40994 125
0837 CatBoost 40994 125
0838 LightGBM 40994 125
0839 TabularTransformer 40994 125
0840 TabNet 40994 125
0841 HCNN 1049 257
0842 RandomForest 1049 257
0843 XGBoost 1049 257
0844 CatBoost 1049 257
0845 LightGBM 1049 257
0846 TabularTransformer 1049 257
0847 TabNet 1049 257
0848 HCNN 1050 257
0849 RandomForest 1050 257
0850 XGBoost 1050 257
0851 CatBoost 1050 257
0852 LightGBM 1050 257
0853 TabularTransformer 1050 257
0854 TabNet 1050 257
0855 HCNN 1063 257
0856 RandomForest 1063 257
0857 XGBoost 1063 257
0858 CatBoost 1063 257
0859 LightGBM 1063 257
0860 TabularTransformer 1063 257
0861 TabNet 1063 257
0862 HCNN 1068 257
0863 RandomForest 1068 257
0864 XGBoost 1068 257
0865 CatBoost 1068 257
0866 LightGBM 1068 257
0867 TabularTransformer 1068 257
0868 TabNet 1068 257
0869 HCNN 1462 257
0870 RandomForest 1462 257
0871 XGBoost 1462 257
0872 CatBoost 1462 257
0873 LightGBM 1462 257
0874 TabularTransformer 1462 257
0875 TabNet 1462 257
0876 HCNN 1464 257
0877 RandomForest 1464 257
0878 XGBoost 1464 257
0879 CatBoost 1464 257
0880 LightGBM 1464 257
0881 TabularTransformer 1464 257
0882 TabNet 1464 257
0883 HCNN 1494 257
0884 RandomForest 1494 257
0885 XGBoost 1494 257
0886 CatBoost 1494 257
0887 LightGBM 1494 257
0888 TabularTransformer 1494 257
0889 TabNet 1494 257
0890 HCNN 1510 257
0891 RandomForest 1510 257
0892 XGBoost 1510 257
0893 CatBoost 1510 257
0894 LightGBM 1510 257
0895 TabularTransformer 1510 257
0896 TabNet 1510 257
0897 HCNN 40982 257
0898 RandomForest 40982 257
0899 XGBoost 40982 257
0900 CatBoost 40982 257
0901 LightGBM 40982 257
0902 TabularTransformer 40982 257
0903 TabNet 40982 257
0904 HCNN 40994 257
0905 RandomForest 40994 257
0906 XGBoost 40994 257
0907 CatBoost 40994 257
0908 LightGBM 40994 257
0909 TabularTransformer 40994 257
0910 TabNet 40994 257
0911 HCNN 1049 825
0912 RandomForest 1049 825
0913 XGBoost 1049 825
0914 CatBoost 1049 825
0915 LightGBM 1049 825
0916 TabularTransformer 1049 825
0917 TabNet 1049 825
0918 HCNN 1050 825
0919 RandomForest 1050 825
0920 XGBoost 1050 825
0921 CatBoost 1050 825
0922 LightGBM 1050 825
0923 TabularTransformer 1050 825
0924 TabNet 1050 825
0925 HCNN 1063 825
0926 RandomForest 1063 825
0927 XGBoost 1063 825
0928 CatBoost 1063 825
0929 LightGBM 1063 825
0930 TabularTransformer 1063 825
0931 TabNet 1063 825
0932 HCNN 1068 825
0933 RandomForest 1068 825
0934 XGBoost 1068 825
0935 CatBoost 1068 825
0936 LightGBM 1068 825
0937 TabularTransformer 1068 825
0938 TabNet 1068 825
0939 HCNN 1462 825
0940 RandomForest 1462 825
0941 XGBoost 1462 825
0942 CatBoost 1462 825
0943 LightGBM 1462 825
0944 TabularTransformer 1462 825
0945 TabNet 1462 825
0946 HCNN 1464 825
0947 RandomForest 1464 825
0948 XGBoost 1464 825
0949 CatBoost 1464 825
0950 LightGBM 1464 825
0951 TabularTransformer 1464 825
0952 TabNet 1464 825
0953 HCNN 1494 825
0954 RandomForest 1494 825
0955 XGBoost 1494 825
0956 CatBoost 1494 825
0957 LightGBM 1494 825
0958 TabularTransformer 1494 825
0959 TabNet 1494 825
0960 HCNN 1510 825
0961 RandomForest 1510 825
0962 XGBoost 1510 825
0963 CatBoost 1510 825
0964 LightGBM 1510 825
0965 TabularTransformer 1510 825
0966 TabNet 1510 825
0967 HCNN 40982 825
0968 RandomForest 40982 825
0969 XGBoost 40982 825
0970 CatBoost 40982 825
0971 LightGBM 40982 825
0972 TabularTransformer 40982 825
0973 TabNet 40982 825
0974 HCNN 40994 825
0975 RandomForest 40994 825
0976 XGBoost 40994 825
0977 CatBoost 40994 825
0978 LightGBM 40994 825
0979 TabularTransformer 40994 825
0980 TabNet 40994 825
0981 HCNN 1049 290
0982 RandomForest 1049 290
0983 XGBoost 1049 290
0984 CatBoost 1049 290
0985 LightGBM 1049 290
0986 TabularTransformer 1049 290
0987 TabNet 1049 290
0988 HCNN 1050 290
0989 RandomForest 1050 290
0990 XGBoost 1050 290
0991 CatBoost 1050 290
0992 LightGBM 1050 290
0993 TabularTransformer 1050 290
0994 TabNet 1050 290
0995 HCNN 1063 290
0996 RandomForest 1063 290
0997 XGBoost 1063 290
0998 CatBoost 1063 290
0999 LightGBM 1063 290
1000 TabularTransformer 1063 290
1001 TabNet 1063 290
1002 HCNN 1068 290
1003 RandomForest 1068 290
1004 XGBoost 1068 290
1005 CatBoost 1068 290
1006 LightGBM 1068 290
1007 TabularTransformer 1068 290
1008 TabNet 1068 290
1009 HCNN 1462 290
1010 RandomForest 1462 290
1011 XGBoost 1462 290
1012 CatBoost 1462 290
1013 LightGBM 1462 290
1014 TabularTransformer 1462 290
1015 TabNet 1462 290
1016 HCNN 1464 290
1017 RandomForest 1464 290
1018 XGBoost 1464 290
1019 CatBoost 1464 290
1020 LightGBM 1464 290
1021 TabularTransformer 1464 290
1022 TabNet 1464 290
1023 HCNN 1494 290
1024 RandomForest 1494 290
1025 XGBoost 1494 290
1026 CatBoost 1494 290
1027 LightGBM 1494 290
1028 TabularTransformer 1494 290
1029 TabNet 1494 290
1030 HCNN 1510 290
1031 RandomForest 1510 290
1032 XGBoost 1510 290
1033 CatBoost 1510 290
1034 LightGBM 1510 290
1035 TabularTransformer 1510 290
1036 TabNet 1510 290
1037 HCNN 40982 290
1038 RandomForest 40982 290
1039 XGBoost 40982 290
1040 CatBoost 40982 290
1041 LightGBM 40982 290
1042 TabularTransformer 40982 290
1043 TabNet 40982 290
1044 HCNN 40994 290
1045 RandomForest 40994 290
1046 XGBoost 40994 290
1047 CatBoost 40994 290
1048 LightGBM 40994 290
1049 TabularTransformer 40994 290
1050 TabNet 40994 290
1051 HCNN 1049 298
1052 RandomForest 1049 298
1053 XGBoost 1049 298
1054 CatBoost 1049 298
1055 LightGBM 1049 298
1056 TabularTransformer 1049 298
1057 TabNet 1049 298
1058 HCNN 1050 298
1059 RandomForest 1050 298
1060 XGBoost 1050 298
1061 CatBoost 1050 298
1062 LightGBM 1050 298
1063 TabularTransformer 1050 298
1064 TabNet 1050 298
1065 HCNN 1063 298
1066 RandomForest 1063 298
1067 XGBoost 1063 298
1068 CatBoost 1063 298
1069 LightGBM 1063 298
1070 TabularTransformer 1063 298
1071 TabNet 1063 298
1072 HCNN 1068 298
1073 RandomForest 1068 298
1074 XGBoost 1068 298
1075 CatBoost 1068 298
1076 LightGBM 1068 298
1077 TabularTransformer 1068 298
1078 TabNet 1068 298
1079 HCNN 1462 298
1080 RandomForest 1462 298
1081 XGBoost 1462 298
1082 CatBoost 1462 298
1083 LightGBM 1462 298
1084 TabularTransformer 1462 298
1085 TabNet 1462 298
1086 HCNN 1464 298
1087 RandomForest 1464 298
1088 XGBoost 1464 298
1089 CatBoost 1464 298
1090 LightGBM 1464 298
1091 TabularTransformer 1464 298
1092 TabNet 1464 298
1093 HCNN 1494 298
1094 RandomForest 1494 298
1095 XGBoost 1494 298
1096 CatBoost 1494 298
1097 LightGBM 1494 298
1098 TabularTransformer 1494 298
1099 TabNet 1494 298
1100 HCNN 1510 298
1101 RandomForest 1510 298
1102 XGBoost 1510 298
1103 CatBoost 1510 298
1104 LightGBM 1510 298
1105 TabularTransformer 1510 298
1106 TabNet 1510 298
1107 HCNN 40982 298
1108 RandomForest 40982 298
1109 XGBoost 40982 298
1110 CatBoost 40982 298
1111 LightGBM 40982 298
1112 TabularTransformer 40982 298
1113 TabNet 40982 298
1114 HCNN 40994 298
1115 RandomForest 40994 298
1116 XGBoost 40994 298
1117 CatBoost 40994 298
1118 LightGBM 40994 298
1119 TabularTransformer 40994 298
1120 TabNet 40994 298
1121 HCNN 1049 830
1122 RandomForest 1049 830
1123 XGBoost 1049 830
1124 CatBoost 1049 830
1125 LightGBM 1049 830
1126 TabularTransformer 1049 830
1127 TabNet 1049 830
1128 HCNN 1050 830
1129 RandomForest 1050 830
1130 XGBoost 1050 830
1131 CatBoost 1050 830
1132 LightGBM 1050 830
1133 TabularTransformer 1050 830
1134 TabNet 1050 830
1135 HCNN 1063 830
1136 RandomForest 1063 830
1137 XGBoost 1063 830
1138 CatBoost 1063 830
1139 LightGBM 1063 830
1140 TabularTransformer 1063 830
1141 TabNet 1063 830
1142 HCNN 1068 830
1143 RandomForest 1068 830
1144 XGBoost 1068 830
1145 CatBoost 1068 830
1146 LightGBM 1068 830
1147 TabularTransformer 1068 830
1148 TabNet 1068 830
1149 HCNN 1462 830
1150 RandomForest 1462 830
1151 XGBoost 1462 830
1152 CatBoost 1462 830
1153 LightGBM 1462 830
1154 TabularTransformer 1462 830
1155 TabNet 1462 830
1156 HCNN 1464 830
1157 RandomForest 1464 830
1158 XGBoost 1464 830
1159 CatBoost 1464 830
1160 LightGBM 1464 830
1161 TabularTransformer 1464 830
1162 TabNet 1464 830
1163 HCNN 1494 830
1164 RandomForest 1494 830
1165 XGBoost 1494 830
1166 CatBoost 1494 830
1167 LightGBM 1494 830
1168 TabularTransformer 1494 830
1169 TabNet 1494 830
1170 HCNN 1510 830
1171 RandomForest 1510 830
1172 XGBoost 1510 830
1173 CatBoost 1510 830
1174 LightGBM 1510 830
1175 TabularTransformer 1510 830
1176 TabNet 1510 830
1177 HCNN 40982 830
1178 RandomForest 40982 830
1179 XGBoost 40982 830
1180 CatBoost 40982 830
1181 LightGBM 40982 830
1182 TabularTransformer 40982 830
1183 TabNet 40982 830
1184 HCNN 40994 830
1185 RandomForest 40994 830
1186 XGBoost 40994 830
1187 CatBoost 40994 830
1188 LightGBM 40994 830
1189 TabularTransformer 40994 830
1190 TabNet 40994 830
1191 HCNN 1049 714
1192 RandomForest 1049 714
1193 XGBoost 1049 714
1194 CatBoost 1049 714
1195 LightGBM 1049 714
1196 TabularTransformer 1049 714
1197 TabNet 1049 714
1198 HCNN 1050 714
1199 RandomForest 1050 714
1200 XGBoost 1050 714
1201 CatBoost 1050 714
1202 LightGBM 1050 714
1203 TabularTransformer 1050 714
1204 TabNet 1050 714
1205 HCNN 1063 714
1206 RandomForest 1063 714
1207 XGBoost 1063 714
1208 CatBoost 1063 714
1209 LightGBM 1063 714
1210 TabularTransformer 1063 714
1211 TabNet 1063 714
1212 HCNN 1068 714
1213 RandomForest 1068 714
1214 XGBoost 1068 714
1215 CatBoost 1068 714
1216 LightGBM 1068 714
1217 TabularTransformer 1068 714
1218 TabNet 1068 714
1219 HCNN 1462 714
1220 RandomForest 1462 714
1221 XGBoost 1462 714
1222 CatBoost 1462 714
1223 LightGBM 1462 714
1224 TabularTransformer 1462 714
1225 TabNet 1462 714
1226 HCNN 1464 714
1227 RandomForest 1464 714
1228 XGBoost 1464 714
1229 CatBoost 1464 714
1230 LightGBM 1464 714
1231 TabularTransformer 1464 714
1232 TabNet 1464 714
1233 HCNN 1494 714
1234 RandomForest 1494 714
1235 XGBoost 1494 714
1236 CatBoost 1494 714
1237 LightGBM 1494 714
1238 TabularTransformer 1494 714
1239 TabNet 1494 714
1240 HCNN 1510 714
1241 RandomForest 1510 714
1242 XGBoost 1510 714
1243 CatBoost 1510 714
1244 LightGBM 1510 714
1245 TabularTransformer 1510 714
1246 TabNet 1510 714
1247 HCNN 40982 714
1248 RandomForest 40982 714
1249 XGBoost 40982 714
1250 CatBoost 40982 714
1251 LightGBM 40982 714
1252 TabularTransformer 40982 714
1253 TabNet 40982 714
1254 HCNN 40994 714
1255 RandomForest 40994 714
1256 XGBoost 40994 714
1257 CatBoost 40994 714
1258 LightGBM 40994 714
1259 TabularTransformer 40994 714
1260 TabNet 40994 714
1261 HCNN 1049 159
1262 RandomForest 1049 159
1263 XGBoost 1049 159
1264 CatBoost 1049 159
1265 LightGBM 1049 159
1266 TabularTransformer 1049 159
1267 TabNet 1049 159
1268 HCNN 1050 159
1269 RandomForest 1050 159
1270 XGBoost 1050 159
1271 CatBoost 1050 159
1272 LightGBM 1050 159
1273 TabularTransformer 1050 159
1274 TabNet 1050 159
1275 HCNN 1063 159
1276 RandomForest 1063 159
1277 XGBoost 1063 159
1278 CatBoost 1063 159
1279 LightGBM 1063 159
1280 TabularTransformer 1063 159
1281 TabNet 1063 159
1282 HCNN 1068 159
1283 RandomForest 1068 159
1284 XGBoost 1068 159
1285 CatBoost 1068 159
1286 LightGBM 1068 159
1287 TabularTransformer 1068 159
1288 TabNet 1068 159
1289 HCNN 1462 159
1290 RandomForest 1462 159
1291 XGBoost 1462 159
1292 CatBoost 1462 159
1293 LightGBM 1462 159
1294 TabularTransformer 1462 159
1295 TabNet 1462 159
1296 HCNN 1464 159
1297 RandomForest 1464 159
1298 XGBoost 1464 159
1299 CatBoost 1464 159
1300 LightGBM 1464 159
1301 TabularTransformer 1464 159
1302 TabNet 1464 159
1303 HCNN 1494 159
1304 RandomForest 1494 159
1305 XGBoost 1494 159
1306 CatBoost 1494 159
1307 LightGBM 1494 159
1308 TabularTransformer 1494 159
1309 TabNet 1494 159
1310 HCNN 1510 159
1311 RandomForest 1510 159
1312 XGBoost 1510 159
1313 CatBoost 1510 159
1314 LightGBM 1510 159
1315 TabularTransformer 1510 159
1316 TabNet 1510 159
1317 HCNN 40982 159
1318 RandomForest 40982 159
1319 XGBoost 40982 159
1320 CatBoost 40982 159
1321 LightGBM 40982 159
1322 TabularTransformer 40982 159
1323 TabNet 40982 159
1324 HCNN 40994 159
1325 RandomForest 40994 159
1326 XGBoost 40994 159
1327 CatBoost 40994 159
1328 LightGBM 40994 159
1329 TabularTransformer 40994 159
1330 TabNet 40994 159
1331 HCNN 1049 736
1332 RandomForest 1049 736
1333 XGBoost 1049 736
1334 CatBoost 1049 736
1335 LightGBM 1049 736
1336 TabularTransformer 1049 736
1337 TabNet 1049 736
1338 HCNN 1050 736
1339 RandomForest 1050 736
1340 XGBoost 1050 736
1341 CatBoost 1050 736
1342 LightGBM 1050 736
1343 TabularTransformer 1050 736
1344 TabNet 1050 736
1345 HCNN 1063 736
1346 RandomForest 1063 736
1347 XGBoost 1063 736
1348 CatBoost 1063 736
1349 LightGBM 1063 736
1350 TabularTransformer 1063 736
1351 TabNet 1063 736
1352 HCNN 1068 736
1353 RandomForest 1068 736
1354 XGBoost 1068 736
1355 CatBoost 1068 736
1356 LightGBM 1068 736
1357 TabularTransformer 1068 736
1358 TabNet 1068 736
1359 HCNN 1462 736
1360 RandomForest 1462 736
1361 XGBoost 1462 736
1362 CatBoost 1462 736
1363 LightGBM 1462 736
1364 TabularTransformer 1462 736
1365 TabNet 1462 736
1366 HCNN 1464 736
1367 RandomForest 1464 736
1368 XGBoost 1464 736
1369 CatBoost 1464 736
1370 LightGBM 1464 736
1371 TabularTransformer 1464 736
1372 TabNet 1464 736
1373 HCNN 1494 736
1374 RandomForest 1494 736
1375 XGBoost 1494 736
1376 CatBoost 1494 736
1377 LightGBM 1494 736
1378 TabularTransformer 1494 736
1379 TabNet 1494 736
1380 HCNN 1510 736
1381 RandomForest 1510 736
1382 XGBoost 1510 736
1383 CatBoost 1510 736
1384 LightGBM 1510 736
1385 TabularTransformer 1510 736
1386 TabNet 1510 736
1387 HCNN 40982 736
1388 RandomForest 40982 736
1389 XGBoost 40982 736
1390 CatBoost 40982 736
1391 LightGBM 40982 736
1392 TabularTransformer 40982 736
1393 TabNet 40982 736
1394 HCNN 40994 736
1395 RandomForest 40994 736
1396 XGBoost 40994 736
1397 CatBoost 40994 736
1398 LightGBM 40994 736
1399 TabularTransformer 40994 736
1400 TabNet 40994 736
1401 HCNN 1049 9669
1402 RandomForest 1049 9669
1403 XGBoost 1049 9669
1404 CatBoost 1049 9669
1405 LightGBM 1049 9669
1406 TabularTransformer 1049 9669
1407 TabNet 1049 9669
1408 HCNN 1050 9669
1409 RandomForest 1050 9669
1410 XGBoost 1050 9669
1411 CatBoost 1050 9669
1412 LightGBM 1050 9669
1413 TabularTransformer 1050 9669
1414 TabNet 1050 9669
1415 HCNN 1063 9669
1416 RandomForest 1063 9669
1417 XGBoost 1063 9669
1418 CatBoost 1063 9669
1419 LightGBM 1063 9669
1420 TabularTransformer 1063 9669
1421 TabNet 1063 9669
1422 HCNN 1068 9669
1423 RandomForest 1068 9669
1424 XGBoost 1068 9669
1425 CatBoost 1068 9669
1426 LightGBM 1068 9669
1427 TabularTransformer 1068 9669
1428 TabNet 1068 9669
1429 HCNN 1462 9669
1430 RandomForest 1462 9669
1431 XGBoost 1462 9669
1432 CatBoost 1462 9669
1433 LightGBM 1462 9669
1434 TabularTransformer 1462 9669
1435 TabNet 1462 9669
1436 HCNN 1464 9669
1437 RandomForest 1464 9669
1438 XGBoost 1464 9669
1439 CatBoost 1464 9669
1440 LightGBM 1464 9669
1441 TabularTransformer 1464 9669
1442 TabNet 1464 9669
1443 HCNN 1494 9669
1444 RandomForest 1494 9669
1445 XGBoost 1494 9669
1446 CatBoost 1494 9669
1447 LightGBM 1494 9669
1448 TabularTransformer 1494 9669
1449 TabNet 1494 9669
1450 HCNN 1510 9669
1451 RandomForest 1510 9669
1452 XGBoost 1510 9669
1453 CatBoost 1510 9669
1454 LightGBM 1510 9669
1455 TabularTransformer 1510 9669
1456 TabNet 1510 9669
1457 HCNN 40982 9669
1458 RandomForest 40982 9669
1459 XGBoost 40982 9669
1460 CatBoost 40982 9669
1461 LightGBM 40982 9669
1462 TabularTransformer 40982 9669
1463 TabNet 40982 9669
1464 HCNN 40994 9669
1465 RandomForest 40994 9669
1466 XGBoost 40994 9669
1467 CatBoost 40994 9669
1468 LightGBM 40994 9669
1469 TabularTransformer 40994 9669
1470 TabNet 40994 9669
1471 HCNN 1049 6750
1472 RandomForest 1049 6750
1473 XGBoost 1049 6750
1474 CatBoost 1049 6750
1475 LightGBM 1049 6750
1476 TabularTransformer 1049 6750
1477 TabNet 1049 6750
1478 HCNN 1050 6750
1479 RandomForest 1050 6750
1480 XGBoost 1050 6750
1481 CatBoost 1050 6750
1482 LightGBM 1050 6750
1483 TabularTransformer 1050 6750
1484 TabNet 1050 6750
1485 HCNN 1063 6750
1486 RandomForest 1063 6750
1487 XGBoost 1063 6750
1488 CatBoost 1063 6750
1489 LightGBM 1063 6750
1490 TabularTransformer 1063 6750
1491 TabNet 1063 6750
1492 HCNN 1068 6750
1493 RandomForest 1068 6750
1494 XGBoost 1068 6750
1495 CatBoost 1068 6750
1496 LightGBM 1068 6750
1497 TabularTransformer 1068 6750
1498 TabNet 1068 6750
1499 HCNN 1462 6750
1500 RandomForest 1462 6750
1501 XGBoost 1462 6750
1502 CatBoost 1462 6750
1503 LightGBM 1462 6750
1504 TabularTransformer 1462 6750
1505 TabNet 1462 6750
1506 HCNN 1464 6750
1507 RandomForest 1464 6750
1508 XGBoost 1464 6750
1509 CatBoost 1464 6750
1510 LightGBM 1464 6750
1511 TabularTransformer 1464 6750
1512 TabNet 1464 6750
1513 HCNN 1494 6750
1514 RandomForest 1494 6750
1515 XGBoost 1494 6750
1516 CatBoost 1494 6750
1517 LightGBM 1494 6750
1518 TabularTransformer 1494 6750
1519 TabNet 1494 6750
1520 HCNN 1510 6750
1521 RandomForest 1510 6750
1522 XGBoost 1510 6750
1523 CatBoost 1510 6750
1524 LightGBM 1510 6750
1525 TabularTransformer 1510 6750
1526 TabNet 1510 6750
1527 HCNN 40982 6750
1528 RandomForest 40982 6750
1529 XGBoost 40982 6750
1530 CatBoost 40982 6750
1531 LightGBM 40982 6750
1532 TabularTransformer 40982 6750
1533 TabNet 40982 6750
1534 HCNN 40994 6750
1535 RandomForest 40994 6750
1536 XGBoost 40994 6750
1537 CatBoost 40994 6750
1538 LightGBM 40994 6750
1539 TabularTransformer 40994 6750
1540 TabNet 40994 6750
1541 HCNN 1049 9820
1542 RandomForest 1049 9820
1543 XGBoost 1049 9820
1544 CatBoost 1049 9820
1545 LightGBM 1049 9820
1546 TabularTransformer 1049 9820
1547 TabNet 1049 9820
1548 HCNN 1050 9820
1549 RandomForest 1050 9820
1550 XGBoost 1050 9820
1551 CatBoost 1050 9820
1552 LightGBM 1050 9820
1553 TabularTransformer 1050 9820
1554 TabNet 1050 9820
1555 HCNN 1063 9820
1556 RandomForest 1063 9820
1557 XGBoost 1063 9820
1558 CatBoost 1063 9820
1559 LightGBM 1063 9820
1560 TabularTransformer 1063 9820
1561 TabNet 1063 9820
1562 HCNN 1068 9820
1563 RandomForest 1068 9820
1564 XGBoost 1068 9820
1565 CatBoost 1068 9820
1566 LightGBM 1068 9820
1567 TabularTransformer 1068 9820
1568 TabNet 1068 9820
1569 HCNN 1462 9820
1570 RandomForest 1462 9820
1571 XGBoost 1462 9820
1572 CatBoost 1462 9820
1573 LightGBM 1462 9820
1574 TabularTransformer 1462 9820
1575 TabNet 1462 9820
1576 HCNN 1464 9820
1577 RandomForest 1464 9820
1578 XGBoost 1464 9820
1579 CatBoost 1464 9820
1580 LightGBM 1464 9820
1581 TabularTransformer 1464 9820
1582 TabNet 1464 9820
1583 HCNN 1494 9820
1584 RandomForest 1494 9820
1585 XGBoost 1494 9820
1586 CatBoost 1494 9820
1587 LightGBM 1494 9820
1588 TabularTransformer 1494 9820
1589 TabNet 1494 9820
1590 HCNN 1510 9820
1591 RandomForest 1510 9820
1592 XGBoost 1510 9820
1593 CatBoost 1510 9820
1594 LightGBM 1510 9820
1595 TabularTransformer 1510 9820
1596 TabNet 1510 9820
1597 HCNN 40982 9820
1598 RandomForest 40982 9820
1599 XGBoost 40982 9820
1600 CatBoost 40982 9820
1601 LightGBM 40982 9820
1602 TabularTransformer 40982 9820
1603 TabNet 40982 9820
1604 HCNN 40994 9820
1605 RandomForest 40994 9820
1606 XGBoost 40994 9820
1607 CatBoost 40994 9820
1608 LightGBM 40994 9820
1609 TabularTransformer 40994 9820
1610 TabNet 40994 9820
1611 HCNN 1049 4641
1612 RandomForest 1049 4641
1613 XGBoost 1049 4641
1614 CatBoost 1049 4641
1615 LightGBM 1049 4641
1616 TabularTransformer 1049 4641
1617 TabNet 1049 4641
1618 HCNN 1050 4641
1619 RandomForest 1050 4641
1620 XGBoost 1050 4641
1621 CatBoost 1050 4641
1622 LightGBM 1050 4641
1623 TabularTransformer 1050 4641
1624 TabNet 1050 4641
1625 HCNN 1063 4641
1626 RandomForest 1063 4641
1627 XGBoost 1063 4641
1628 CatBoost 1063 4641
1629 LightGBM 1063 4641
1630 TabularTransformer 1063 4641
1631 TabNet 1063 4641
1632 HCNN 1068 4641
1633 RandomForest 1068 4641
1634 XGBoost 1068 4641
1635 CatBoost 1068 4641
1636 LightGBM 1068 4641
1637 TabularTransformer 1068 4641
1638 TabNet 1068 4641
1639 HCNN 1462 4641
1640 RandomForest 1462 4641
1641 XGBoost 1462 4641
1642 CatBoost 1462 4641
1643 LightGBM 1462 4641
1644 TabularTransformer 1462 4641
1645 TabNet 1462 4641
1646 HCNN 1464 4641
1647 RandomForest 1464 4641
1648 XGBoost 1464 4641
1649 CatBoost 1464 4641
1650 LightGBM 1464 4641
1651 TabularTransformer 1464 4641
1652 TabNet 1464 4641
1653 HCNN 1494 4641
1654 RandomForest 1494 4641
1655 XGBoost 1494 4641
1656 CatBoost 1494 4641
1657 LightGBM 1494 4641
1658 TabularTransformer 1494 4641
1659 TabNet 1494 4641
1660 HCNN 1510 4641
1661 RandomForest 1510 4641
1662 XGBoost 1510 4641
1663 CatBoost 1510 4641
1664 LightGBM 1510 4641
1665 TabularTransformer 1510 4641
1666 TabNet 1510 4641
1667 HCNN 40982 4641
1668 RandomForest 40982 4641
1669 XGBoost 40982 4641
1670 CatBoost 40982 4641
1671 LightGBM 40982 4641
1672 TabularTransformer 40982 4641
1673 TabNet 40982 4641
1674 HCNN 40994 4641
1675 RandomForest 40994 4641
1676 XGBoost 40994 4641
1677 CatBoost 40994 4641
1678 LightGBM 40994 4641
1679 TabularTransformer 40994 4641
1680 TabNet 40994 4641
1681 HCNN 1049 3588
1682 RandomForest 1049 3588
1683 XGBoost 1049 3588
1684 CatBoost 1049 3588
1685 LightGBM 1049 3588
1686 TabularTransformer 1049 3588
1687 TabNet 1049 3588
1688 HCNN 1050 3588
1689 RandomForest 1050 3588
1690 XGBoost 1050 3588
1691 CatBoost 1050 3588
1692 LightGBM 1050 3588
1693 TabularTransformer 1050 3588
1694 TabNet 1050 3588
1695 HCNN 1063 3588
1696 RandomForest 1063 3588
1697 XGBoost 1063 3588
1698 CatBoost 1063 3588
1699 LightGBM 1063 3588
1700 TabularTransformer 1063 3588
1701 TabNet 1063 3588
1702 HCNN 1068 3588
1703 RandomForest 1068 3588
1704 XGBoost 1068 3588
1705 CatBoost 1068 3588
1706 LightGBM 1068 3588
1707 TabularTransformer 1068 3588
1708 TabNet 1068 3588
1709 HCNN 1462 3588
1710 RandomForest 1462 3588
1711 XGBoost 1462 3588
1712 CatBoost 1462 3588
1713 LightGBM 1462 3588
1714 TabularTransformer 1462 3588
1715 TabNet 1462 3588
1716 HCNN 1464 3588
1717 RandomForest 1464 3588
1718 XGBoost 1464 3588
1719 CatBoost 1464 3588
1720 LightGBM 1464 3588
1721 TabularTransformer 1464 3588
1722 TabNet 1464 3588
1723 HCNN 1494 3588
1724 RandomForest 1494 3588
1725 XGBoost 1494 3588
1726 CatBoost 1494 3588
1727 LightGBM 1494 3588
1728 TabularTransformer 1494 3588
1729 TabNet 1494 3588
1730 HCNN 1510 3588
1731 RandomForest 1510 3588
1732 XGBoost 1510 3588
1733 CatBoost 1510 3588
1734 LightGBM 1510 3588
1735 TabularTransformer 1510 3588
1736 TabNet 1510 3588
1737 HCNN 40982 3588
1738 RandomForest 40982 3588
1739 XGBoost 40982 3588
1740 CatBoost 40982 3588
1741 LightGBM 40982 3588
1742 TabularTransformer 40982 3588
1743 TabNet 40982 3588
1744 HCNN 40994 3588
1745 RandomForest 40994 3588
1746 XGBoost 40994 3588
1747 CatBoost 40994 3588
1748 LightGBM 40994 3588
1749 TabularTransformer 40994 3588
1750 TabNet 40994 3588
1751 HCNN 1049 2471
1752 RandomForest 1049 2471
1753 XGBoost 1049 2471
1754 CatBoost 1049 2471
1755 LightGBM 1049 2471
1756 TabularTransformer 1049 2471
1757 TabNet 1049 2471
1758 HCNN 1050 2471
1759 RandomForest 1050 2471
1760 XGBoost 1050 2471
1761 CatBoost 1050 2471
1762 LightGBM 1050 2471
1763 TabularTransformer 1050 2471
1764 TabNet 1050 2471
1765 HCNN 1063 2471
1766 RandomForest 1063 2471
1767 XGBoost 1063 2471
1768 CatBoost 1063 2471
1769 LightGBM 1063 2471
1770 TabularTransformer 1063 2471
1771 TabNet 1063 2471
1772 HCNN 1068 2471
1773 RandomForest 1068 2471
1774 XGBoost 1068 2471
1775 CatBoost 1068 2471
1776 LightGBM 1068 2471
1777 TabularTransformer 1068 2471
1778 TabNet 1068 2471
1779 HCNN 1462 2471
1780 RandomForest 1462 2471
1781 XGBoost 1462 2471
1782 CatBoost 1462 2471
1783 LightGBM 1462 2471
1784 TabularTransformer 1462 2471
1785 TabNet 1462 2471
1786 HCNN 1464 2471
1787 RandomForest 1464 2471
1788 XGBoost 1464 2471
1789 CatBoost 1464 2471
1790 LightGBM 1464 2471
1791 TabularTransformer 1464 2471
1792 TabNet 1464 2471
1793 HCNN 1494 2471
1794 RandomForest 1494 2471
1795 XGBoost 1494 2471
1796 CatBoost 1494 2471
1797 LightGBM 1494 2471
1798 TabularTransformer 1494 2471
1799 TabNet 1494 2471
1800 HCNN 1510 2471
1801 RandomForest 1510 2471
1802 XGBoost 1510 2471
1803 CatBoost 1510 2471
1804 LightGBM 1510 2471
1805 TabularTransformer 1510 2471
1806 TabNet 1510 2471
1807 HCNN 40982 2471
1808 RandomForest 40982 2471
1809 XGBoost 40982 2471
1810 CatBoost 40982 2471
1811 LightGBM 40982 2471
1812 TabularTransformer 40982 2471
1813 TabNet 40982 2471
1814 HCNN 40994 2471
1815 RandomForest 40994 2471
1816 XGBoost 40994 2471
1817 CatBoost 40994 2471
1818 LightGBM 40994 2471
1819 TabularTransformer 40994 2471
1820 TabNet 40994 2471
1821 HCNN 1049 8585
1822 RandomForest 1049 8585
1823 XGBoost 1049 8585
1824 CatBoost 1049 8585
1825 LightGBM 1049 8585
1826 TabularTransformer 1049 8585
1827 TabNet 1049 8585
1828 HCNN 1050 8585
1829 RandomForest 1050 8585
1830 XGBoost 1050 8585
1831 CatBoost 1050 8585
1832 LightGBM 1050 8585
1833 TabularTransformer 1050 8585
1834 TabNet 1050 8585
1835 HCNN 1063 8585
1836 RandomForest 1063 8585
1837 XGBoost 1063 8585
1838 CatBoost 1063 8585
1839 LightGBM 1063 8585
1840 TabularTransformer 1063 8585
1841 TabNet 1063 8585
1842 HCNN 1068 8585
1843 RandomForest 1068 8585
1844 XGBoost 1068 8585
1845 CatBoost 1068 8585
1846 LightGBM 1068 8585
1847 TabularTransformer 1068 8585
1848 TabNet 1068 8585
1849 HCNN 1462 8585
1850 RandomForest 1462 8585
1851 XGBoost 1462 8585
1852 CatBoost 1462 8585
1853 LightGBM 1462 8585
1854 TabularTransformer 1462 8585
1855 TabNet 1462 8585
1856 HCNN 1464 8585
1857 RandomForest 1464 8585
1858 XGBoost 1464 8585
1859 CatBoost 1464 8585
1860 LightGBM 1464 8585
1861 TabularTransformer 1464 8585
1862 TabNet 1464 8585
1863 HCNN 1494 8585
1864 RandomForest 1494 8585
1865 XGBoost 1494 8585
1866 CatBoost 1494 8585
1867 LightGBM 1494 8585
1868 TabularTransformer 1494 8585
1869 TabNet 1494 8585
1870 HCNN 1510 8585
1871 RandomForest 1510 8585
1872 XGBoost 1510 8585
1873 CatBoost 1510 8585
1874 LightGBM 1510 8585
1875 TabularTransformer 1510 8585
1876 TabNet 1510 8585
1877 HCNN 40982 8585
1878 RandomForest 40982 8585
1879 XGBoost 40982 8585
1880 CatBoost 40982 8585
1881 LightGBM 40982 8585
1882 TabularTransformer 40982 8585
1883 TabNet 40982 8585
1884 HCNN 40994 8585
1885 RandomForest 40994 8585
1886 XGBoost 40994 8585
1887 CatBoost 40994 8585
1888 LightGBM 40994 8585
1889 TabularTransformer 40994 8585
1890 TabNet 40994 8585
1891 HCNN 1049 9540
1892 RandomForest 1049 9540
1893 XGBoost 1049 9540
1894 CatBoost 1049 9540
1895 LightGBM 1049 9540
1896 TabularTransformer 1049 9540
1897 TabNet 1049 9540
1898 HCNN 1050 9540
1899 RandomForest 1050 9540
1900 XGBoost 1050 9540
1901 CatBoost 1050 9540
1902 LightGBM 1050 9540
1903 TabularTransformer 1050 9540
1904 TabNet 1050 9540
1905 HCNN 1063 9540
1906 RandomForest 1063 9540
1907 XGBoost 1063 9540
1908 CatBoost 1063 9540
1909 LightGBM 1063 9540
1910 TabularTransformer 1063 9540
1911 TabNet 1063 9540
1912 HCNN 1068 9540
1913 RandomForest 1068 9540
1914 XGBoost 1068 9540
1915 CatBoost 1068 9540
1916 LightGBM 1068 9540
1917 TabularTransformer 1068 9540
1918 TabNet 1068 9540
1919 HCNN 1462 9540
1920 RandomForest 1462 9540
1921 XGBoost 1462 9540
1922 CatBoost 1462 9540
1923 LightGBM 1462 9540
1924 TabularTransformer 1462 9540
1925 TabNet 1462 9540
1926 HCNN 1464 9540
1927 RandomForest 1464 9540
1928 XGBoost 1464 9540
1929 CatBoost 1464 9540
1930 LightGBM 1464 9540
1931 TabularTransformer 1464 9540
1932 TabNet 1464 9540
1933 HCNN 1494 9540
1934 RandomForest 1494 9540
1935 XGBoost 1494 9540
1936 CatBoost 1494 9540
1937 LightGBM 1494 9540
1938 TabularTransformer 1494 9540
1939 TabNet 1494 9540
1940 HCNN 1510 9540
1941 RandomForest 1510 9540
1942 XGBoost 1510 9540
1943 CatBoost 1510 9540
1944 LightGBM 1510 9540
1945 TabularTransformer 1510 9540
1946 TabNet 1510 9540
1947 HCNN 40982 9540
1948 RandomForest 40982 9540
1949 XGBoost 40982 9540
1950 CatBoost 40982 9540
1951 LightGBM 40982 9540
1952 TabularTransformer 40982 9540
1953 TabNet 40982 9540
1954 HCNN 40994 9540
1955 RandomForest 40994 9540
1956 XGBoost 40994 9540
1957 CatBoost 40994 9540
1958 LightGBM 40994 9540
1959 TabularTransformer 40994 9540
1960 TabNet 40994 9540
1961 HCNN 1049 8779
1962 RandomForest 1049 8779
1963 XGBoost 1049 8779
1964 CatBoost 1049 8779
1965 LightGBM 1049 8779
1966 TabularTransformer 1049 8779
1967 TabNet 1049 8779
1968 HCNN 1050 8779
1969 RandomForest 1050 8779
1970 XGBoost 1050 8779
1971 CatBoost 1050 8779
1972 LightGBM 1050 8779
1973 TabularTransformer 1050 8779
1974 TabNet 1050 8779
1975 HCNN 1063 8779
1976 RandomForest 1063 8779
1977 XGBoost 1063 8779
1978 CatBoost 1063 8779
1979 LightGBM 1063 8779
1980 TabularTransformer 1063 8779
1981 TabNet 1063 8779
1982 HCNN 1068 8779
1983 RandomForest 1068 8779
1984 XGBoost 1068 8779
1985 CatBoost 1068 8779
1986 LightGBM 1068 8779
1987 TabularTransformer 1068 8779
1988 TabNet 1068 8779
1989 HCNN 1462 8779
1990 RandomForest 1462 8779
1991 XGBoost 1462 8779
1992 CatBoost 1462 8779
1993 LightGBM 1462 8779
1994 TabularTransformer 1462 8779
1995 TabNet 1462 8779
1996 HCNN 1464 8779
1997 RandomForest 1464 8779
1998 XGBoost 1464 8779
1999 CatBoost 1464 8779
2000 LightGBM 1464 8779
2001 TabularTransformer 1464 8779
2002 TabNet 1464 8779
2003 HCNN 1494 8779
2004 RandomForest 1494 8779
2005 XGBoost 1494 8779
2006 CatBoost 1494 8779
2007 LightGBM 1494 8779
2008 TabularTransformer 1494 8779
2009 TabNet 1494 8779
2010 HCNN 1510 8779
2011 RandomForest 1510 8779
2012 XGBoost 1510 8779
2013 CatBoost 1510 8779
2014 LightGBM 1510 8779
2015 TabularTransformer 1510 8779
2016 TabNet 1510 8779
2017 HCNN 40982 8779
2018 RandomForest 40982 8779
2019 XGBoost 40982 8779
2020 CatBoost 40982 8779
2021 LightGBM 40982 8779
2022 TabularTransformer 40982 8779
2023 TabNet 40982 8779
2024 HCNN 40994 8779
2025 RandomForest 40994 8779
2026 XGBoost 40994 8779
2027 CatBoost 40994 8779
2028 LightGBM 40994 8779
2029 TabularTransformer 40994 8779
2030 TabNet 40994 8779
2031 HCNN 1049 2181
2032 RandomForest 1049 2181
2033 XGBoost 1049 2181
2034 CatBoost 1049 2181
2035 LightGBM 1049 2181
2036 TabularTransformer 1049 2181
2037 TabNet 1049 2181
2038 HCNN 1050 2181
2039 RandomForest 1050 2181
2040 XGBoost 1050 2181
2041 CatBoost 1050 2181
2042 LightGBM 1050 2181
2043 TabularTransformer 1050 2181
2044 TabNet 1050 2181
2045 HCNN 1063 2181
2046 RandomForest 1063 2181
2047 XGBoost 1063 2181
2048 CatBoost 1063 2181
2049 LightGBM 1063 2181
2050 TabularTransformer 1063 2181
2051 TabNet 1063 2181
2052 HCNN 1068 2181
2053 RandomForest 1068 2181
2054 XGBoost 1068 2181
2055 CatBoost 1068 2181
2056 LightGBM 1068 2181
2057 TabularTransformer 1068 2181
2058 TabNet 1068 2181
2059 HCNN 1462 2181
2060 RandomForest 1462 2181
2061 XGBoost 1462 2181
2062 CatBoost 1462 2181
2063 LightGBM 1462 2181
2064 TabularTransformer 1462 2181
2065 TabNet 1462 2181
2066 HCNN 1464 2181
2067 RandomForest 1464 2181
2068 XGBoost 1464 2181
2069 CatBoost 1464 2181
2070 LightGBM 1464 2181
2071 TabularTransformer 1464 2181
2072 TabNet 1464 2181
2073 HCNN 1494 2181
2074 RandomForest 1494 2181
2075 XGBoost 1494 2181
2076 CatBoost 1494 2181
2077 LightGBM 1494 2181
2078 TabularTransformer 1494 2181
2079 TabNet 1494 2181
2080 HCNN 1510 2181
2081 RandomForest 1510 2181
2082 XGBoost 1510 2181
2083 CatBoost 1510 2181
2084 LightGBM 1510 2181
2085 TabularTransformer 1510 2181
2086 TabNet 1510 2181
2087 HCNN 40982 2181
2088 RandomForest 40982 2181
2089 XGBoost 40982 2181
2090 CatBoost 40982 2181
2091 LightGBM 40982 2181
2092 TabularTransformer 40982 2181
2093 TabNet 40982 2181
2094 HCNN 40994 2181
2095 RandomForest 40994 2181
2096 XGBoost 40994 2181
2097 CatBoost 40994 2181
2098 LightGBM 40994 2181
2099 TabularTransformer 40994 2181
2100 TabNet 40994 2181
